alpha,c_l,c_d,c_m,rel_thickness
-180,0.0,0.0,0.0,241
-175,0.1736,0.0114,0.0218,241
-170,0.342,0.0452,0.0434,241
-165,0.5,0.1005,0.0647,241
-160,0.6428,0.1755,0.0855,241
-155,0.766,0.2679,0.1057,241
-150,0.866,0.375,0.125,241
-145,0.9397,0.4935,0.1434,241
-140,0.9848,0.6197,0.1607,241
-135,1.0,0.75,0.1768,241
-130,0.9848,0.8803,0.1915,241
-125,0.9397,1.0065,0.2048,241
-120,0.866,1.125,0.2165,241
-115,0.766,1.2321,0.2266,241
-110,0.6428,1.3245,0.2349,241
-105,0.5,1.3995,0.2415,241
-100,0.342,1.4548,0.2462,241
-95,0.1736,1.4886,0.249,241
-90,0.0,1.5,0.25,241
-85,-0.1736,1.4886,0.249,241
-80,-0.342,1.4548,0.2462,241
-75,-0.5,1.3995,0.2415,241
-70,-0.6428,1.3245,0.2349,241
-65,-0.766,1.2321,0.2266,241
-60,-0.866,1.125,0.2165,241
-55,-0.9397,1.0065,0.2048,241
-50,-0.9848,0.8603,0.1915,241
-45,-1.012,0.712,0.1708,241
-40,-1.0376,0.5475,0.1416,241
-39,-1.0419,0.5165,0.1346,241
-38,-1.0462,0.4816,0.1276,241
-37,-1.0525,0.4487,0.1185,241
-36,-1.0568,0.4177,0.1095,241
-35,-1.0611,0.3848,0.1005,241
-34,-1.0654,0.3558,0.0894,241
-33,-1.0717,0.3289,0.0824,241
-32,-1.0765,0.3031,0.0678,241
-30,-1.0889,0.256,0.0508,241
-28,-1.0993,0.209,0.0337,241
-26,-1.1168,0.1756,0.0206,241
-24,-1.1282,0.1423,0.0075,241
-22,-1.1215,0.1183,-0.0008,241
-20,-1.1148,0.0943,-0.0091,241
-18,-1.0919,0.0765,-0.0123,241
-16,-1.0691,0.0587,-0.0156,241
-14,-1.0379,0.0454,-0.0156,241
-12,-1.0067,0.0321,-0.0155,241
-10,-0.8479,0.023,-0.0318,241
-8,-0.6892,0.0138,-0.048,241
-6,-0.4278,0.0118,-0.0611,241
-4,-0.1665,0.0098,-0.0742,241
-2,0.0863,0.0095,-0.0811,241
0,0.3391,0.0092,-0.088,241
2,0.5867,0.0094,-0.0933,241
4,0.8301,0.0099,-0.0977,241
6,1.0656,0.0109,-0.1008,241
8,1.2914,0.0124,-0.1026,241
10,1.5012,0.0144,-0.1024,241
12,1.6886,0.0173,-0.0998,241
14,1.8103,0.0226,-0.0941,241
16,1.8139,0.0354,-0.0874,241
18,1.7545,0.0647,-0.085,241
20,1.6071,0.1035,-0.0913,241
22,1.5257,0.1437,-0.1026,241
24,1.4428,0.1841,-0.114,241
26,1.3826,0.229,-0.1282,241
28,1.3218,0.2738,-0.1423,241
30,1.2583,0.3278,-0.1582,241
32,1.1944,0.3816,-0.1739,241
33,1.1734,0.4209,-0.179,241
34,1.1568,0.4504,-0.1831,241
35,1.1379,0.4815,-0.1873,241
36,1.1248,0.5105,-0.1914,241
37,1.1177,0.545,-0.1953,241
38,1.1024,0.5737,-0.1993,241
39,1.0891,0.5999,-0.2032,241
40,1.0755,0.628,-0.2071,241
45,1.0175,0.7578,-0.2161,241
50,0.9716,0.882,-0.2184,241
55,0.9268,1.0104,-0.2214,241
60,0.866,1.125,-0.2255,241
65,0.766,1.2321,-0.2306,241
70,0.6428,1.3245,-0.2349,241
75,0.5,1.3995,-0.2415,241
80,0.342,1.4548,-0.2462,241
85,0.1736,1.4886,-0.249,241
90,0.0,1.5,-0.25,241
95,-0.1736,1.4886,-0.249,241
100,-0.342,1.4548,-0.2462,241
105,-0.5,1.3995,-0.2415,241
110,-0.6428,1.3245,-0.2349,241
115,-0.766,1.2321,-0.2266,241
120,-0.866,1.125,-0.2165,241
125,-0.9397,1.0065,-0.2048,241
130,-0.9848,0.8803,-0.1915,241
135,-1.0,0.75,-0.1768,241
140,-0.9848,0.6197,-0.1607,241
145,-0.9397,0.4935,-0.1434,241
150,-0.866,0.375,-0.125,241
155,-0.766,0.2679,-0.1057,241
160,-0.6428,0.1755,-0.0855,241
165,-0.5,0.1005,-0.0647,241
170,-0.342,0.0452,-0.0434,241
175,-0.1736,0.0114,-0.0218,241
180,0.0,0.0,0.0,241
-180,0.0,0.0,0.0,301
-175,0.1736,0.0099,0.0218,301
-170,0.342,0.0392,0.0434,301
-165,0.5,0.0871,0.0647,301
-160,0.6428,0.1521,0.0855,301
-155,0.766,0.2322,0.1057,301
-150,0.866,0.325,0.125,301
-145,0.9397,0.4277,0.1434,301
-140,0.9848,0.5371,0.1607,301
-135,1.0,0.65,0.1768,301
-130,0.9848,0.7629,0.1915,301
-125,0.9397,0.8723,0.2048,301
-120,0.866,0.975,0.2165,301
-115,0.766,1.0678,0.2266,301
-110,0.6428,1.1479,0.2349,301
-105,0.5,1.2129,0.2415,301
-100,0.342,1.2608,0.2462,301
-95,0.1736,1.2901,0.249,301
-90,0.0,1.3,0.25,301
-85,-0.1736,1.2901,0.249,301
-80,-0.342,1.2608,0.2462,301
-75,-0.5,1.2129,0.2415,301
-70,-0.6428,1.1479,0.2349,301
-65,-0.766,1.0678,0.2266,301
-60,-0.866,0.975,0.2165,301
-55,-0.9397,0.8723,0.2048,301
-50,-0.9848,0.7629,0.1915,301
-45,-1.0,0.65,0.1768,301
-40,-1.0216,0.5422,0.1416,301
-39,-1.0239,0.5206,0.1346,301
-38,-1.0162,0.4991,0.1276,301
-37,-1.0185,0.4775,0.1205,301
-36,-1.0108,0.4559,0.1135,301
-35,-1.0031,0.4344,0.1065,301
-34,-0.9954,0.4128,0.0994,301
-33,-0.9777,0.3913,0.0924,301
-32,-0.96353,0.28972,0.05151,301
-30,-0.96034,0.2563,0.03891,301
-28,-0.95716,0.22288,0.02632,301
-26,-0.94406,0.19412,0.01542,301
-24,-0.93096,0.16535,0.00452,301
-22,-0.90466,0.14171,-0.0039,301
-20,-0.87836,0.11807,-0.01232,301
-18,-0.84588,0.09862,-0.01749,301
-16,-0.8134,0.07917,-0.02266,301
-14,-0.77281,0.06434,-0.02352,301
-12,-0.73222,0.04951,-0.02439,301
-10,-0.69346,0.0381,-0.02269,301
-8,-0.65469,0.02669,-0.02098,301
-6,-0.45069,0.02036,-0.03892,301
-4,-0.2467,0.01402,-0.05686,301
-2,0.02948,0.01292,-0.07166,301
0,0.30565,0.01182,-0.08646,301
2,0.56697,0.01193,-0.09545,301
4,0.81993,0.01247,-0.10235,301
6,1.06139,0.01355,-0.10706,301
8,1.28736,0.01523,-0.1094,301
10,1.48403,0.01797,-0.10793,301
12,1.63878,0.02239,-0.10258,301
14,1.71231,0.03217,-0.09482,301
16,1.60446,0.05845,-0.08937,301
18,1.4184,0.09922,-0.09427,301
20,1.30631,0.13948,-0.1041,301
22,1.25093,0.1784,-0.11503,301
24,1.19555,0.21731,-0.12596,301
26,1.17741,0.25524,-0.1369,301
28,1.15927,0.29318,-0.14784,301
30,1.14777,0.3328,-0.159,301
32,1.13626,0.37242,-0.17015,301
33,1.1509,0.4288,-0.1366,301
34,1.1629,0.4501,-0.1406,301
35,1.1648,0.4712,-0.1447,301
36,1.1565,0.4922,-0.1487,301
37,1.1482,0.5131,-0.1526,301
38,1.1499,0.534,-0.1565,301
39,1.1415,0.5547,-0.1604,301
40,1.123,0.5753,-0.1643,301
45,1.0304,0.6772,-0.1833,301
50,0.9756,0.77647,-0.19437,301
55,0.9208,0.87573,-0.20543,301
60,0.866,0.975,-0.2165,301
65,0.766,1.0678,-0.2266,301
70,0.6428,1.1479,-0.2349,301
75,0.5,1.2129,-0.2415,301
80,0.342,1.2608,-0.2462,301
85,0.1736,1.2901,-0.249,301
90,0.0,1.3,-0.25,301
95,-0.1736,1.2901,-0.249,301
100,-0.342,1.2608,-0.2462,301
105,-0.5,1.2129,-0.2415,301
110,-0.6428,1.1479,-0.2349,301
115,-0.766,1.0678,-0.2266,301
120,-0.866,0.975,-0.2165,301
125,-0.9397,0.8723,-0.2048,301
130,-0.9848,0.7629,-0.1915,301
135,-1.0,0.65,-0.1768,301
140,-0.9848,0.5371,-0.1607,301
145,-0.9397,0.4277,-0.1434,301
150,-0.866,0.325,-0.125,301
155,-0.766,0.2322,-0.1057,301
160,-0.6428,0.1521,-0.0855,301
165,-0.5,0.0871,-0.0647,301
170,-0.342,0.0392,-0.0434,301
175,-0.1736,0.0099,-0.0218,301
180,0.0,0.0,0.0,301
-180,0.0,0.0,0.0,360
-175,0.1736,0.0099,0.0218,360
-170,0.342,0.0392,0.0434,360
-165,0.5,0.0871,0.0647,360
-160,0.6428,0.1521,0.0855,360
-155,0.766,0.2322,0.1057,360
-150,0.866,0.325,0.125,360
-145,0.9397,0.4277,0.1434,360
-140,0.9848,0.5371,0.1607,360
-135,1.0,0.65,0.1768,360
-130,0.9848,0.7629,0.1915,360
-125,0.9397,0.8723,0.2048,360
-120,0.866,0.975,0.2165,360
-115,0.766,1.0678,0.2266,360
-110,0.6428,1.1479,0.2349,360
-105,0.5,1.2129,0.2415,360
-100,0.342,1.2608,0.2462,360
-95,0.1736,1.2901,0.249,360
-90,0.0,1.3,0.25,360
-85,-0.1736,1.2901,0.249,360
-80,-0.342,1.2608,0.2462,360
-75,-0.5,1.2129,0.2415,360
-70,-0.6428,1.1479,0.2349,360
-65,-0.766,1.0678,0.2266,360
-60,-0.866,0.975,0.2165,360
-55,-0.9397,0.8723,0.2048,360
-50,-0.9848,0.7629,0.1915,360
-45,-1.0,0.65,0.1768,360
-40,-0.9716,0.5422,0.1416,360
-39,-0.9639,0.5206,0.1346,360
-38,-0.9362,0.4991,0.1276,360
-37,-0.9285,0.4775,0.1205,360
-36,-0.9008,0.4559,0.1135,360
-35,-0.8931,0.4344,0.1065,360
-34,-0.8754,0.4128,0.0994,360
-33,-0.8477,0.3913,0.0924,360
-32,-0.82638,0.30151,0.04467,360
-30,-0.81775,0.26767,0.03274,360
-28,-0.80912,0.23383,0.02081,360
-26,-0.79237,0.20448,0.01019,360
-24,-0.77563,0.17513,-0.00043,360
-22,-0.7441,0.15126,-0.00889,360
-20,-0.71257,0.12739,-0.01736,360
-18,-0.66785,0.1085,-0.02292,360
-16,-0.62313,0.08961,-0.02848,360
-14,-0.57418,0.07483,-0.02995,360
-12,-0.52523,0.06004,-0.03143,360
-10,-0.48272,0.04851,-0.02793,360
-8,-0.4402,0.03699,-0.02443,360
-6,-0.29832,0.02943,-0.03591,360
-4,-0.15643,0.02187,-0.04739,360
-2,0.17445,0.02028,-0.07817,360
0,0.50533,0.01868,-0.10895,360
2,0.8241,0.01878,-0.13291,360
4,1.12091,0.01964,-0.15102,360
6,1.38972,0.0213,-0.16294,360
8,1.62544,0.02404,-0.16909,360
10,1.80606,0.02895,-0.16816,360
12,1.81594,0.0445,-0.15714,360
14,1.50898,0.09361,-0.15208,360
16,1.3248,0.1422,-0.15983,360
18,1.23631,0.18569,-0.16957,360
20,1.17287,0.22942,-0.17959,360
22,1.16267,0.26752,-0.18869,360
24,1.15246,0.30562,-0.19779,360
26,1.15474,0.34339,-0.20671,360
28,1.15701,0.38116,-0.21563,360
30,1.15597,0.4206,-0.2246,360
32,1.15493,0.46004,-0.23358,360
33,1.1609,0.4288,-0.1366,360
34,1.1729,0.4501,-0.1406,360
35,1.1748,0.4712,-0.1447,360
36,1.1665,0.4922,-0.1487,360
37,1.1682,0.5131,-0.1526,360
38,1.1499,0.534,-0.1565,360
39,1.1315,0.5547,-0.1604,360
40,1.113,0.5753,-0.1643,360
45,1.0304,0.6772,-0.1833,360
50,0.9756,0.77647,-0.19437,360
55,0.9208,0.87573,-0.20543,360
60,0.866,0.975,-0.2165,360
65,0.766,1.0678,-0.2266,360
70,0.6428,1.1479,-0.2349,360
75,0.5,1.2129,-0.2415,360
80,0.342,1.2608,-0.2462,360
85,0.1736,1.2901,-0.249,360
90,0.0,1.3,-0.25,360
95,-0.1736,1.2901,-0.249,360
100,-0.342,1.2608,-0.2462,360
105,-0.5,1.2129,-0.2415,360
110,-0.6428,1.1479,-0.2349,360
115,-0.766,1.0678,-0.2266,360
120,-0.866,0.975,-0.2165,360
125,-0.9397,0.8723,-0.2048,360
130,-0.9848,0.7629,-0.1915,360
135,-1.0,0.65,-0.1768,360
140,-0.9848,0.5371,-0.1607,360
145,-0.9397,0.4277,-0.1434,360
150,-0.866,0.325,-0.125,360
155,-0.766,0.2322,-0.1057,360
160,-0.6428,0.1521,-0.0855,360
165,-0.5,0.0871,-0.0647,360
170,-0.342,0.0392,-0.0434,360
175,-0.1736,0.0099,-0.0218,360
180,0.0,0.0,0.0,360
-180,0.0,0.0,0.0,480
-175,0.1736,0.0099,0.0218,480
-170,0.342,0.0392,0.0434,480
-165,0.5,0.0871,0.0647,480
-160,0.6428,0.1521,0.0855,480
-155,0.766,0.2322,0.1057,480
-150,0.866,0.325,0.125,480
-145,0.9397,0.4277,0.1434,480
-140,0.9848,0.5371,0.1607,480
-135,1.0,0.65,0.1768,480
-130,0.9848,0.7629,0.1915,480
-125,0.9397,0.8723,0.2048,480
-120,0.866,0.975,0.2165,480
-115,0.766,1.0678,0.2266,480
-110,0.6428,1.1479,0.2349,480
-105,0.5,1.2129,0.2415,480
-100,0.342,1.2608,0.2462,480
-95,0.1736,1.2901,0.249,480
-90,0.0,1.3,0.25,480
-85,-0.1736,1.2901,0.249,480
-80,-0.342,1.2608,0.2462,480
-75,-0.5,1.2129,0.2415,480
-70,-0.6428,1.1479,0.2349,480
-65,-0.766,1.0678,0.2266,480
-60,-0.866,0.975,0.2165,480
-55,-0.9397,0.8723,0.2048,480
-50,-0.9848,0.7629,0.1915,480
-45,-1.0,0.65,0.1768,480
-40,-0.9816,0.5422,0.1416,480
-39,-0.9539,0.5206,0.1346,480
-38,-0.9262,0.4991,0.1276,480
-37,-0.8885,0.4775,0.1205,480
-36,-0.8308,0.4559,0.1135,480
-35,-0.7731,0.4344,0.1065,480
-34,-0.7254,0.4128,0.0994,480
-33,-0.6577,0.3913,0.0924,480
-32,-0.61106,0.29229,0.0305,480
-30,-0.56083,0.26626,0.01996,480
-28,-0.5106,0.24023,0.00941,480
-26,-0.44936,0.2169,-0.00057,480
-24,-0.38812,0.19358,-0.01055,480
-22,-0.31614,0.17325,-0.01971,480
-20,-0.24416,0.15293,-0.02887,480
-18,-0.16413,0.13546,-0.03685,480
-16,-0.0841,0.11799,-0.04483,480
-14,0.00209,0.10351,-0.05104,480
-12,0.08829,0.08903,-0.05725,480
-10,0.17217,0.07732,-0.0604,480
-8,0.25606,0.06561,-0.06355,480
-6,0.31794,0.05631,-0.0605,480
-4,0.37982,0.04701,-0.05745,480
-2,0.35731,0.04055,-0.03512,480
0,0.33479,0.0341,-0.01279,480
2,0.56519,0.03159,-0.04935,480
4,0.87689,0.03427,-0.08943,480
6,1.04252,0.04507,-0.11164,480
8,0.92747,0.07814,-0.11967,480
10,0.82497,0.11741,-0.1329,480
12,0.79054,0.15594,-0.14916,480
14,0.78946,0.19348,-0.16467,480
16,0.81288,0.22998,-0.17992,480
18,0.85046,0.26564,-0.1944,480
20,0.89457,0.30073,-0.20796,480
22,0.9356,0.3361,-0.21989,480
24,0.97664,0.37148,-0.23182,480
26,1.01588,0.40562,-0.2421,480
28,1.05513,0.43976,-0.25239,480
30,1.08428,0.47353,-0.26105,480
32,1.11343,0.5073,-0.26972,480
33,1.1309,0.4288,-0.1366,480
34,1.1429,0.4501,-0.1406,480
35,1.1448,0.4712,-0.1447,480
36,1.1465,0.4922,-0.1487,480
37,1.1382,0.5131,-0.1526,480
38,1.1299,0.534,-0.1565,480
39,1.1215,0.5547,-0.1604,480
40,1.103,0.5753,-0.1643,480
45,1.0304,0.6772,-0.1833,480
50,0.9756,0.77647,-0.19437,480
55,0.9208,0.87573,-0.20543,480
60,0.866,0.975,-0.2165,480
65,0.766,1.0678,-0.2266,480
70,0.6428,1.1479,-0.2349,480
75,0.5,1.2129,-0.2415,480
80,0.342,1.2608,-0.2462,480
85,0.1736,1.2901,-0.249,480
90,0.0,1.3,-0.25,480
95,-0.1736,1.2901,-0.249,480
100,-0.342,1.2608,-0.2462,480
105,-0.5,1.2129,-0.2415,480
110,-0.6428,1.1479,-0.2349,480
115,-0.766,1.0678,-0.2266,480
120,-0.866,0.975,-0.2165,480
125,-0.9397,0.8723,-0.2048,480
130,-0.9848,0.7629,-0.1915,480
135,-1.0,0.65,-0.1768,480
140,-0.9848,0.5371,-0.1607,480
145,-0.9397,0.4277,-0.1434,480
150,-0.866,0.325,-0.125,480
155,-0.766,0.2322,-0.1057,480
160,-0.6428,0.1521,-0.0855,480
165,-0.5,0.0871,-0.0647,480
170,-0.342,0.0392,-0.0434,480
175,-0.1736,0.0099,-0.0218,480
180,0.0,0.0,0.0,480
-180,0.0,0.0,0.0,600
-175,0.1736,0.0099,0.0218,600
-170,0.342,0.0392,0.0434,600
-165,0.5,0.0871,0.0647,600
-160,0.6428,0.1521,0.0855,600
-155,0.766,0.2322,0.1057,600
-150,0.866,0.325,0.125,600
-145,0.9397,0.4277,0.1434,600
-140,0.9848,0.5371,0.1607,600
-135,1.0,0.65,0.1768,600
-130,0.9848,0.7629,0.1915,600
-125,0.9397,0.8723,0.2048,600
-120,0.866,0.975,0.2165,600
-115,0.766,1.0678,0.2266,600
-110,0.6428,1.1479,0.2349,600
-105,0.5,1.2129,0.2415,600
-100,0.342,1.2608,0.2462,600
-95,0.1736,1.2901,0.249,600
-90,0.0,1.3,0.25,600
-85,-0.1736,1.2901,0.249,600
-80,-0.342,1.2608,0.2462,600
-75,-0.5,1.2129,0.2415,600
-70,-0.6428,1.1479,0.2349,600
-65,-0.766,1.0678,0.2266,600
-60,-0.866,0.975,0.2165,600
-55,-0.9397,0.8723,0.2048,600
-50,-0.9848,0.7629,0.1915,600
-45,-1.0,0.65,0.1768,600
-40,-0.9616,0.5422,0.1416,600
-39,-0.8639,0.5206,0.1346,600
-38,-0.7762,0.4991,0.1276,600
-37,-0.6785,0.4775,0.1205,600
-36,-0.6008,0.4559,0.1135,600
-35,-0.4931,0.4344,0.1065,600
-34,-0.4154,0.4128,0.0994,600
-33,-0.3277,0.3913,0.0924,600
-32,-0.23711,0.24294,-0.04699,600
-30,-0.15736,0.22318,-0.0606,600
-28,-0.07762,0.20343,-0.0742,600
-26,0.01154,0.18578,-0.08749,600
-24,0.1007,0.16813,-0.10079,600
-22,0.19623,0.15258,-0.11329,600
-20,0.29176,0.13703,-0.12579,600
-18,0.39325,0.12397,-0.137,600
-16,0.49474,0.11091,-0.14822,600
-14,0.60044,0.10087,-0.15711,600
-12,0.70614,0.09082,-0.166,600
-10,0.78805,0.08365,-0.16771,600
-8,0.86996,0.07648,-0.16942,600
-6,0.82873,0.0748,-0.14625,600
-4,0.78751,0.07311,-0.12309,600
-2,0.59461,0.07553,-0.08137,600
0,0.4017,0.07795,-0.03966,600
2,0.0776,0.07795,0.01611,600
4,-0.3593,0.07082,0.09346,600
6,-0.19967,0.07983,0.05152,600
8,-0.02697,0.09587,0.01326,600
10,0.11253,0.1149,-0.01731,600
12,0.23024,0.13648,-0.04367,600
14,0.32953,0.16072,-0.06707,600
16,0.41863,0.18678,-0.08843,600
18,0.49785,0.21498,-0.10838,600
20,0.53987,0.24894,-0.12462,600
22,0.60206,0.28157,-0.14167,600
24,0.66425,0.31419,-0.15872,600
26,0.73839,0.34423,-0.17524,600
28,0.81253,0.37427,-0.19176,600
30,0.86424,0.40682,-0.20546,600
32,0.91596,0.43937,-0.21917,600
33,0.9509,0.4288,-0.1366,600
34,0.9729,0.4501,-0.1406,600
35,0.9848,0.4712,-0.1447,600
36,1.0165,0.4922,-0.1487,600
37,1.0382,0.5131,-0.1526,600
38,1.0499,0.534,-0.1565,600
39,1.0515,0.5547,-0.1604,600
40,1.053,0.5753,-0.1643,600
45,1.0304,0.6772,-0.1833,600
50,0.9756,0.77647,-0.19437,600
55,0.9208,0.87573,-0.20543,600
60,0.866,0.975,-0.2165,600
65,0.766,1.0678,-0.2266,600
70,0.6428,1.1479,-0.2349,600
75,0.5,1.2129,-0.2415,600
80,0.342,1.2608,-0.2462,600
85,0.1736,1.2901,-0.249,600
90,0.0,1.3,-0.25,600
95,-0.1736,1.2901,-0.249,600
100,-0.342,1.2608,-0.2462,600
105,-0.5,1.2129,-0.2415,600
110,-0.6428,1.1479,-0.2349,600
115,-0.766,1.0678,-0.2266,600
120,-0.866,0.975,-0.2165,600
125,-0.9397,0.8723,-0.2048,600
130,-0.9848,0.7629,-0.1915,600
135,-1.0,0.65,-0.1768,600
140,-0.9848,0.5371,-0.1607,600
145,-0.9397,0.4277,-0.1434,600
150,-0.866,0.325,-0.125,600
155,-0.766,0.2322,-0.1057,600
160,-0.6428,0.1521,-0.0855,600
165,-0.5,0.0871,-0.0647,600
170,-0.342,0.0392,-0.0434,600
175,-0.1736,0.0099,-0.0218,600
180,0.0,0.0,0.0,600
-180,0.0,0.6,0.0,1000
-175,0.0,0.6,0.0,1000
-170,0.0,0.6,0.0,1000
-165,0.0,0.6,0.0,1000
-160,0.0,0.6,0.0,1000
-155,0.0,0.6,0.0,1000
-150,0.0,0.6,0.0,1000
-145,0.0,0.6,0.0,1000
-140,0.0,0.6,0.0,1000
-135,0.0,0.6,0.0,1000
-130,0.0,0.6,0.0,1000
-125,0.0,0.6,0.0,1000
-120,0.0,0.6,0.0,1000
-115,0.0,0.6,0.0,1000
-110,0.0,0.6,0.0,1000
-105,0.0,0.6,0.0,1000
-100,0.0,0.6,0.0,1000
-95,0.0,0.6,0.0,1000
-90,0.0,0.6,0.0,1000
-85,0.0,0.6,0.0,1000
-80,0.0,0.6,0.0,1000
-75,0.0,0.6,0.0,1000
-70,0.0,0.6,0.0,1000
-65,0.0,0.6,0.0,1000
-60,0.0,0.6,0.0,1000
-55,0.0,0.6,0.0,1000
-50,0.0,0.6,0.0,1000
-45,0.0,0.6,0.0,1000
-40,0.0,0.6,0.0,1000
-39,0.0,0.6,0.0,1000
-38,0.0,0.6,0.0,1000
-37,0.0,0.6,0.0,1000
-36,0.0,0.6,0.0,1000
-35,0.0,0.6,0.0,1000
-34,0.0,0.6,0.0,1000
-33,0.0,0.6,0.0,1000
-32,0.0,0.6,0.0,1000
-30,0.0,0.6,0.0,1000
-28,0.0,0.6,0.0,1000
-26,0.0,0.6,0.0,1000
-24,0.0,0.6,0.0,1000
-22,0.0,0.6,0.0,1000
-20,0.0,0.6,0.0,1000
-18,0.0,0.6,0.0,1000
-16,0.0,0.6,0.0,1000
-14,0.0,0.6,0.0,1000
-12,0.0,0.6,0.0,1000
-10,0.0,0.6,0.0,1000
-8,0.0,0.6,0.0,1000
-6,0.0,0.6,0.0,1000
-4,0.0,0.6,0.0,1000
-2,0.0,0.6,0.0,1000
0,0.0,0.6,0.0,1000
2,0.0,0.6,0.0,1000
4,0.0,0.6,0.0,1000
6,0.0,0.6,0.0,1000
8,0.0,0.6,0.0,1000
10,0.0,0.6,0.0,1000
12,0.0,0.6,0.0,1000
14,0.0,0.6,0.0,1000
16,0.0,0.6,0.0,1000
18,0.0,0.6,0.0,1000
20,0.0,0.6,0.0,1000
22,0.0,0.6,0.0,1000
24,0.0,0.6,0.0,1000
26,0.0,0.6,0.0,1000
28,0.0,0.6,0.0,1000
30,0.0,0.6,0.0,1000
32,0.0,0.6,0.0,1000
33,0.0,0.6,0.0,1000
34,0.0,0.6,0.0,1000
35,0.0,0.6,0.0,1000
36,0.0,0.6,0.0,1000
37,0.0,0.6,0.0,1000
38,0.0,0.6,0.0,1000
39,0.0,0.6,0.0,1000
40,0.0,0.6,0.0,1000
45,0.0,0.6,0.0,1000
50,0.0,0.6,0.0,1000
55,0.0,0.6,0.0,1000
60,0.0,0.6,0.0,1000
65,0.0,0.6,0.0,1000
70,0.0,0.6,0.0,1000
75,0.0,0.6,0.0,1000
80,0.0,0.6,0.0,1000
85,0.0,0.6,0.0,1000
90,0.0,0.6,0.0,1000
95,0.0,0.6,0.0,1000
100,0.0,0.6,0.0,1000
105,0.0,0.6,0.0,1000
110,0.0,0.6,0.0,1000
115,0.0,0.6,0.0,1000
120,0.0,0.6,0.0,1000
125,0.0,0.6,0.0,1000
130,0.0,0.6,0.0,1000
135,0.0,0.6,0.0,1000
140,0.0,0.6,0.0,1000
145,0.0,0.6,0.0,1000
150,0.0,0.6,0.0,1000
155,0.0,0.6,0.0,1000
160,0.0,0.6,0.0,1000
165,0.0,0.6,0.0,1000
170,0.0,0.6,0.0,1000
175,0.0,0.6,0.0,1000
180,0.0,0.6,0.0,1000
